
Distance Matrix: 
nan 		1.944 		2.156 		1.016 		1.152 		2.398 		0.928 		0.508 		1.672
1.944 		nan 		0.914 		1.126 		1.066 		1.204 		1.596 		2.142 		0.708
2.156 		0.914 		nan 		1.578 		1.496 		2.088 		1.92 		2.188 		1.016
1.016 		1.126 		1.578 		nan 		0.932 		1.666 		0.772 		1.292 		1.068
1.152 		1.066 		1.496 		0.932 		nan 		1.544 		1.504 		1.364 		1.182
2.398 		1.204 		2.088 		1.666 		1.544 		nan 		1.886 		2.486 		1.698
0.928 		1.596 		1.92 		0.772 		1.504 		1.886 		nan 		0.776 		1.372
0.508 		2.142 		2.188 		1.292 		1.364 		2.486 		0.776 		nan 		1.87
1.672 		0.708 		1.016 		1.068 		1.182 		1.698 		1.372 		1.87 		nan
Distance SUMS:
11.774 		10.7 		13.356 		9.45 		10.24 		14.97 		10.754 		12.626 		10.586
Mediana Index: 4
Trust Radius: 0.296

 Iteration 1:
New cluster members: ['1'], ['8']
New cluster assessment: 
Cluster Members: 1, 8
Cluster Mid: 
0.691 		0.205 		0.104
0.342 		0.488 		0.17
0.273 		0.189 		0.538
New Distance Matrix: 
nan 		2.043 		2.157 		1.124 		1.258 		2.432 		0.851 		1.771
2.043 		nan 		0.914 		1.126 		1.066 		1.204 		1.596 		0.708
2.157 		0.914 		nan 		1.578 		1.496 		2.088 		1.92 		1.016
1.124 		1.126 		1.578 		nan 		0.932 		1.666 		0.772 		1.068
1.258 		1.066 		1.496 		0.932 		nan 		1.544 		1.504 		1.182
2.432 		1.204 		2.088 		1.666 		1.544 		nan 		1.886 		1.698
0.851 		1.596 		1.92 		0.772 		1.504 		1.886 		nan 		1.372
1.771 		0.708 		1.016 		1.068 		1.182 		1.698 		1.372 		nan

 Iteration 2:
New cluster members: ['2'], ['9']
New cluster assessment: 
Cluster Members: 2, 9
Cluster Mid: 
0.288 		0.334 		0.378
0.472 		0.232 		0.296
0.167 		0.484 		0.349
New Distance Matrix: 
nan 		1.907 		0.963 		1.076 		1.078 		1.406 		1.484
1.907 		nan 		2.157 		1.124 		1.258 		2.432 		0.851
0.963 		2.157 		nan 		1.578 		1.496 		2.088 		1.92
1.076 		1.124 		1.578 		nan 		0.932 		1.666 		0.772
1.078 		1.258 		1.496 		0.932 		nan 		1.544 		1.504
1.406 		2.432 		2.088 		1.666 		1.544 		nan 		1.886
1.484 		0.851 		1.92 		0.772 		1.504 		1.886 		nan

 Iteration 3:
New cluster members: ['4'], ['7']
New cluster assessment: 
Cluster Members: 4, 7
Cluster Mid: 
0.395 		0.422 		0.182
0.369 		0.462 		0.17
0.219 		0.306 		0.475
New Distance Matrix: 
nan 		1.207 		0.877 		1.708 		1.188 		1.738
1.207 		nan 		1.907 		0.963 		1.078 		1.406
0.877 		1.907 		nan 		2.157 		1.258 		2.432
1.708 		0.963 		2.157 		nan 		1.496 		2.088
1.188 		1.078 		1.258 		1.496 		nan 		1.544
1.738 		1.406 		2.432 		2.088 		1.544 		nan

 Iteration 4:
New cluster members: ['4', '7'], ['1', '8']
New cluster assessment: 
Cluster Members: 4, 7, 1, 8
Cluster Mid: 
0.543 		0.314 		0.143
0.356 		0.475 		0.17
0.246 		0.247 		0.506
New Distance Matrix: 
nan 		1.469 		1.93 		1.087 		2.074
1.469 		nan 		0.963 		1.078 		1.406
1.93 		0.963 		nan 		1.496 		2.088
1.087 		1.078 		1.496 		nan 		1.544
2.074 		1.406 		2.088 		1.544 		nan

 Iteration 5:
New cluster members: ['2', '9'], ['3']
New cluster assessment: 
Cluster Members: 2, 9, 3
Cluster Mid: 
0.322 		0.292 		0.386
0.553 		0.221 		0.225
0.153 		0.521 		0.326
New Distance Matrix: 
nan 		1.538 		1.217 		1.563
1.538 		nan 		1.087 		2.074
1.217 		1.087 		nan 		1.544
1.563 		2.074 		1.544 		nan

 FINAL CLUSTERS: 
Cluster: ['2', '9', '3']
Cluster: ['4', '7', '1', '8']
Cluster: ['5']
Cluster: ['6']